BP_table.MCsize = cell(1,3);
BP_table.ECsize = cell(1,3);
BP_table.MCsize{1} = [169, 70, 22.2, 4.8;
    85.1, 35.8, 11.2, 3.8;
    54.2, 25.2, 8.4, 2.66;
    41.2, 18.6, 7.26, 2;
    33.3, 15, 5.4, 1.4];
BP_table.ECsize{1} = [163.4, 68.1, 22.1, 5.9;
    84.8, 35.3, 11.4, 2.9;
    54.2, 23.8, 7.7, 1.9;
    43, 17.9, 5.8, 1.5;
    34.5, 14.4, 4.7, 1.2];
BP_table.MCsize{2} = [210.5, 118.5, 53.5, 15.7;
    55.3, 30, 14.8, 8.4;
    50.9, 29.6, 15.5, 4.7;
    94.3, 41.9, 17.8, 6.9;
    124.2, 57.8, 24.1, 7.8];
BP_table.ECsize{2} = [68.4, 38, 15.4, 4.7;
    17.6, 9.8, 4, 1.2;
    14.4, 8, 3.2, 1;
    19.7, 10.9, 4.5, 1.3;
    24.9, 13.8, 5.6, 1.7];
BP_table.MCsize{3} = [259.6, 265.8, 175.2, 35.8;
    47.18, 55.9, 33.1, 0.5;
    45.8, 35.1, 32.1, 0.5;
    116.5, 109, 27, 2.2;
    200.4, 97.1, 42.2, 3];
BP_table.ECsize{3} = [168.9, 168.9, 96, 37;
    23.8, 23.8, 13.5, 5.2;
    11.7, 11.7, 6.6, 2.5;
    14, 14, 8, 3;
    18.3, 18.3, 10.4, 4];

BRloc = 'C:/Users/12SDa/global/TomsMiniProject/Latex/MyPapers/BansalResponse/BansalResponse/';
save([BRloc, 'BP_table'], 'BP_table')